#time vx vy vz x y z qw qx qy qz
1764668782.847286940 -0.018850373 0.013244806 0.008097957 0.001218954 0.203881411 -0.002378492 0.978991944
1764668782.947425127 -0.019482160 0.011952019 0.017770256 0.001047296 0.204612229 -0.001912686 0.978840682
1764668783.047260284 -0.014251943 0.007293439 0.021504966 -0.000050617 0.204657958 0.000022592 0.978833549
1764668783.147253752 -0.007055723 0.005147785 0.017853657 -0.000760203 0.204663295 -0.000088330 0.978832136
1764668783.247235298 -0.007417728 0.011408487 0.023091781 0.000111418 0.204774520 -0.000847363 0.978808799
1764668783.347349167 -0.009039573 0.018142929 0.020868295 0.000930010 0.204975154 -0.001259720 0.978765924
1764668783.447319508 -0.008734930 0.021873377 0.017292582 0.000024277 0.204503559 -0.000673619 0.978865588
1764668783.547273874 -0.011831584 0.023008279 0.016994570 0.000766304 0.204782185 -0.001487187 0.978806139
1764668783.647408247 -0.016049967 0.025912386 0.017562722 0.001775197 0.205491289 -0.001039987 0.978656782
1764668783.747354507 -0.014817169 0.023665260 0.018215904 0.001114733 0.205253669 -0.000326422 0.978708119
1764668783.847258329 -0.014560884 0.020342134 0.017299331 0.000526789 0.205119895 -0.000625133 0.978736512
1764668783.947359800 -0.014728312 0.018942575 0.013495970 0.001711247 0.204641916 -0.000570167 0.978835243
1764668784.047285795 -0.017851046 0.017997232 0.015621091 0.000914841 0.204932539 -0.001067072 0.978775091
1764668784.147336960 -0.017500024 0.016025505 0.016593479 0.001471662 0.205822300 -0.000554608 0.978588119
1764668784.247392416 -0.015801576 0.016474625 0.016984269 0.000541053 0.204957195 -0.000861338 0.978770409
